0.000000,0.000000,0.000000,0,6336.109418
0.000000,0.000000,337.750977,1,6410.986881
0.000000,0.000000,337.750977,2,6502.390163
0.000000,0.000000,337.750977,3,6585.104448
0.000000,0.000000,337.750977,4,6648.230237
0.000000,0.000000,337.750977,5,6720.100904
0.000000,0.000000,337.750977,6,6779.737720
0.000000,0.000000,337.750977,7,6848.538617
0.000000,0.000000,337.750977,8,6922.882644
0.000000,0.000000,337.750977,9,6998.217603
0.000000,0.000000,337.750977,10,7068.099502
0.000000,0.000000,337.750977,11,7138.783030
0.000000,0.000000,337.750977,12,7202.904699
0.000000,0.000000,337.750977,13,7284.135775
0.000000,0.000000,337.750977,14,7345.809890
0.000000,0.000000,337.750977,15,7403.095245
0.000000,0.000000,337.750977,16,7477.898974
0.000000,0.000000,337.750977,17,7535.804400
0.000000,0.000000,337.750977,18,7591.162228
0.000000,0.000000,337.750977,19,7668.264646
0.000000,0.000000,337.750977,20,7750.988497
0.000000,0.000000,337.750977,21,7825.609343
0.000000,0.000000,337.750977,22,7884.555651
0.000000,0.000000,337.750977,23,7968.741682
0.000000,0.000000,337.750977,24,8051.790326
0.000000,0.000000,337.750977,25,8106.139097
0.000000,0.000000,337.750977,26,8161.094518
0.000000,0.000000,337.750977,27,8214.367133
0.000000,0.000000,337.750977,28,8294.549511
0.000000,0.000000,337.750977,29,8374.491261
0.000000,0.000000,337.750977,30,8439.635103
0.000000,0.000000,337.750977,31,8491.330428
0.000000,0.000000,337.750977,32,8555.827916
0.000000,0.000000,337.750977,33,8615.939139
0.000000,0.000000,337.750977,34,8671.920411
0.000000,0.000000,337.750977,35,8747.148447
0.000000,0.000000,337.750977,36,8810.120242
0.000000,0.000000,337.750977,37,8863.467608
0.000000,0.000000,337.750977,38,8951.233993
0.000000,0.000000,337.750977,39,9023.675374
0.000000,0.000000,337.750977,40,9096.301963
0.000000,0.000000,337.750977,41,9168.134586
0.000000,0.000000,337.750977,42,9238.286803
0.000000,0.290000,337.750977,43,9334.324080
0.000000,0.580000,337.750977,44,9407.278334
-0.560000,1.160000,337.750977,45,9481.787598
-0.560000,1.740000,337.750977,46,9562.666299
-0.560000,2.030000,337.750977,47,9638.107123
-0.840000,2.320000,337.750977,48,9691.688239
-0.840000,2.900000,334.536652,49,9751.387319
-1.120000,2.900000,337.750977,50,9827.646470
-1.120000,3.480000,334.536652,51,9883.479200
-1.400000,3.770000,337.750977,52,9971.055539
-1.680000,4.060000,337.750977,53,10044.035786
-1.680000,4.640000,337.750977,54,10128.270231
-1.960000,4.930000,337.750977,55,10191.809956
-2.240000,5.220000,340.016907,56,10259.241527
-1.960000,5.800000,334.536652,57,10313.664226
-2.240000,5.800000,337.750977,58,10388.874161
-2.240000,6.380000,337.750977,59,10452.574472
-2.520000,6.960000,336.801422,60,10535.106655
-2.800000,7.250000,337.750977,61,10596.026343
-2.800000,7.539999,337.750977,62,10680.925168
-3.080000,8.120000,337.750977,63,10734.261946
-3.080000,8.410000,337.750977,64,10800.553488
-3.360000,8.700000,337.750977,65,10854.022866
-3.360000,8.990000,337.750977,66,10911.755623
-3.360000,9.280000,337.750977,67,10991.820626
-3.640000,9.570000,337.750977,68,11040.941522
-3.920000,9.860000,337.750977,69,11099.277851
-3.920000,10.150000,337.750977,70,11158.848765
-3.920000,10.440000,337.750977,71,11253.140010
-4.200000,11.020000,337.750977,72,11315.444298
-4.200000,11.309999,337.750977,73,11376.415829
-4.480000,11.599999,337.750977,74,11436.235509
-4.480000,11.889999,337.750977,75,11491.689836
-4.480000,12.469999,334.536652,76,11550.925413
-4.480000,12.759999,334.536652,77,11615.247650
-5.040000,13.049999,340.016907,78,11684.875782
-5.040000,13.339999,337.750977,79,11742.926396
-5.320000,13.629999,337.750977,80,11808.239387
-5.320000,14.209999,337.750977,81,11868.539271
-5.600000,14.499999,336.801422,82,11952.119975
-5.880001,14.789999,340.016907,83,12025.959544
-6.160001,15.079999,340.016907,84,12082.097585
-6.160001,15.659999,336.801422,85,12167.090143
-6.160001,16.240000,336.801422,86,12228.000969
-6.440001,16.240000,337.750977,87,12296.095812
-6.440001,16.820000,337.750977,88,12380.249485
-6.720001,17.110001,337.750977,89,12451.559541
-6.720001,17.400002,337.750977,90,12516.119139
-7.000001,17.690002,337.750977,91,12587.716179
-7.000001,18.270002,334.536652,92,12671.180376
-7.280002,18.560003,337.750977,93,12745.264851
-7.280002,19.140003,337.750977,94,12802.621105
-7.840002,19.430004,340.016907,95,12888.889114
-7.840002,20.010004,336.801422,96,12946.450772
-7.840002,20.300005,336.801422,97,13009.946204
-8.120002,20.590006,336.801422,98,13081.287907
-8.400002,20.880007,340.016907,99,13134.163210
-8.400002,21.170008,340.016907,100,13192.537011
-8.400002,21.460009,336.801422,101,13260.510008
-8.680001,21.750010,340.016907,102,13327.551099
-8.680001,22.330009,336.801422,103,13414.710978
-8.960001,22.620010,340.016907,104,13500.540723
-8.960001,23.200010,336.801422,105,13550.418358
-8.960001,23.490011,336.801422,106,13620.574775
-9.240001,23.780012,340.016907,107,13679.077952
-9.240001,24.070013,336.801422,108,13732.284481
-9.520000,24.360014,340.016907,109,13789.169545
-9.520000,24.650015,336.801422,110,13850.265590
-9.800000,24.940016,340.016907,111,13931.369929
-9.800000,25.230017,340.016907,112,14005.865099
-10.080000,26.100018,339.145538,113,14075.077302
-10.080000,26.100018,336.801422,114,14145.364122
-10.080000,26.680017,336.801422,115,14230.859559
-10.360000,26.970018,336.801422,116,14305.459999
-10.639999,27.260019,340.016907,117,14377.430648
-10.639999,27.840019,339.145538,118,14460.727202
-10.639999,28.130020,336.801422,119,14519.047429
-10.639999,28.420021,336.801422,120,14590.706380
-11.200000,28.710022,339.145538,121,14660.875911
-11.200000,29.290022,339.145538,122,14715.128688
-11.200000,29.580023,336.801422,123,14772.550078
-11.480000,29.870024,339.145538,124,14833.624631
-11.200000,30.160025,336.801422,125,14906.406366
-11.760000,30.450026,339.145538,126,14973.572095
-11.760000,31.030025,335.772247,127,15035.436607
-11.760000,31.320026,335.772247,128,15107.752457
-12.040000,31.610027,336.801422,129,15172.272141
-12.320000,31.900028,339.145538,130,15238.228767
-12.320000,32.190029,336.801422,131,15293.751067
-12.320000,32.770031,336.801422,132,15353.864838
-12.320000,33.060032,336.801422,133,15429.698158
-12.599999,33.350033,336.801422,134,15501.542747
-12.879999,33.640034,336.801422,135,15573.483393
-12.879999,34.220036,336.801422,136,15644.720305
-13.159999,34.510036,339.145538,137,15729.527753
-13.439999,34.800037,339.145538,138,15785.699890
-13.439999,35.380039,335.772247,139,15851.016095
-13.719998,35.670040,339.145538,140,15904.824371
-13.999998,35.670040,341.565063,141,15972.843720
-13.719998,36.250042,335.772247,142,16030.344490
-13.999998,36.540043,338.198578,143,16104.355529
-14.279998,36.830044,339.145538,144,16177.833914
-14.559998,37.410046,341.565063,145,16259.239687
-14.279998,38.280045,338.198578,146,16342.064865
-14.839998,38.570045,344.054596,147,16414.881586
-14.559999,39.440044,340.709961,148,16470.933305
-14.559999,39.730045,341.565063,149,16535.629265
-15.119999,40.020046,349.695160,150,16596.036124
-14.839999,40.310047,347.195740,151,16655.984172
-14.839999,40.890049,346.607513,152,16737.160304
-14.839999,41.470051,349.695160,153,16800.378974
-15.119999,41.760052,352.568604,154,16879.592653
-15.119999,42.340054,355.030273,155,16933.511956
-15.119999,42.920055,354.805573,156,17001.876647
-15.119999,43.210056,354.805573,157,17065.621916
-15.119999,43.500057,357.614044,158,17137.190353
-15.119999,44.080059,0.000000,159,17217.642400
-15.119999,44.660061,0.000000,160,17289.769631
-15.119999,45.530060,2.489553,161,17366.002677
-15.119999,45.820061,2.489553,162,17448.837564
-15.119999,46.690060,4.969741,163,17520.491713
-14.839999,47.560059,5.194429,164,17574.537227
-15.119999,47.560059,9.462322,165,17639.014405
-14.559999,48.140060,7.431408,166,17698.413551
-14.559999,48.720062,9.865807,167,17758.224054
-14.559999,49.010063,9.865807,168,17831.559903
-14.559999,49.300064,12.264773,169,17913.921788
-14.279999,50.170063,12.804266,170,17976.806580
-13.999999,50.750065,12.804266,171,18033.392671
-13.999999,51.040066,12.804266,172,18096.108742
-13.999999,51.620068,16.927513,173,18166.379437
-13.719999,52.200069,17.650124,174,18250.422078
-13.440000,52.780071,19.983107,175,18324.193424
-12.879999,53.360073,18.434948,176,18386.130451
-13.159999,53.360073,19.983107,177,18469.977208
-12.879999,53.940075,22.249023,178,18550.895294
-12.319999,54.520077,22.249023,179,18622.437830
-12.039999,55.100079,23.198591,180,18695.389948
-11.759999,55.680080,24.227745,181,18767.484850
-11.759999,55.970081,27.645975,182,18828.201568
-11.480000,56.260082,26.565052,183,18911.385879
-11.200000,56.840084,28.810793,184,18982.222437
-10.639999,57.420086,28.810793,185,19041.670562
-10.639999,57.710087,30.963757,186,19114.001256
-10.360000,58.000088,30.963757,187,19173.200303
-10.080000,58.580090,34.992020,188,19236.326102
-9.800000,58.870090,34.380344,189,19295.897513
-9.520000,59.160091,36.384354,190,19362.919935
-8.960000,59.740093,36.384354,191,19441.307445
-8.960000,60.030094,39.805573,192,19511.064823
-8.400000,60.320095,38.290165,193,19582.485208
-7.840000,60.900097,39.805573,194,19657.281224
-7.559999,61.190098,39.472462,195,19729.993286
-7.000000,61.770100,43.264294,196,19810.407548
-6.719999,62.060101,45.000000,197,19893.318752
-6.159999,62.640102,46.735706,198,19969.158382
-5.599999,62.930103,46.735706,199,20062.107774
-5.319999,63.220104,48.576336,200,20111.766261
-5.039999,63.510105,50.527538,201,20169.132874
-4.479999,63.800106,50.527538,202,20245.167356
-4.199999,64.090103,52.125015,203,20313.914394
-3.919999,64.380104,52.125015,204,20388.604763
-3.639999,64.670105,54.162346,205,20469.450791
-3.359999,64.670105,55.007980,206,20551.532518
-2.799999,64.960106,56.976131,207,20626.092967
-1.959999,65.250107,57.724354,208,20700.401214
-1.399999,65.540108,59.036243,209,20770.881459
-1.119999,65.830109,61.189205,210,20830.597803
-0.559999,66.120110,61.189205,211,20915.123540
0.000001,66.410110,63.434948,212,20977.233875
0.560001,66.700111,65.772255,213,21059.359857
0.840001,66.700111,65.556046,214,21113.970708
1.120001,66.700111,66.801407,215,21172.210582
1.960001,67.280113,69.145538,216,21228.504378
2.240001,67.280113,69.145538,217,21312.095278
2.800001,67.570114,71.565048,218,21394.442195
3.360001,67.570114,71.565048,219,21467.940429
3.920001,67.570114,71.565048,220,21526.995680
4.480001,67.860115,76.607506,221,21588.432578
4.760001,67.860115,74.744881,222,21658.681857
5.040001,67.860115,75.379128,223,21709.027897
5.600001,67.860115,74.744881,224,21791.009329
6.160001,67.860115,77.195732,225,21862.335397
6.720001,68.150116,79.695152,226,21937.410040
7.280001,68.150116,82.234833,227,21992.567868
7.560001,68.150116,82.234833,228,22055.081014
8.120002,68.150116,82.234833,229,22140.394403
8.680002,68.150116,84.805573,230,22212.065064
8.960002,67.860115,85.030258,231,22305.753213
9.800002,67.860115,87.397438,232,22378.572446
10.640002,67.860115,90.000000,233,22462.407234
10.920002,67.570114,90.000000,234,22537.754670
11.480002,67.860115,92.726311,235,22608.746504
12.320003,67.570114,92.726311,236,22690.236944
12.880003,67.570114,98.130104,237,22766.044871
13.440003,67.280113,95.440331,238,22847.881419
13.720003,66.990112,97.765167,239,22931.030608
14.560003,66.990112,100.784294,240,23004.345332
14.560003,66.700111,100.784294,241,23087.319510
15.680003,66.700111,104.036247,242,23160.146189
15.680003,66.410110,100.784294,243,23214.731771
16.240004,66.410110,103.392494,244,23268.107445
16.240004,66.120110,100.784294,245,23351.772592
16.800003,66.120110,103.392494,246,23424.863256
17.080004,65.830109,100.304848,247,23497.305329
17.640003,65.830109,103.392494,248,23550.839293
17.920004,65.830109,103.392494,249,23616.625033
18.200005,65.540108,100.304848,250,23675.407119
18.480005,65.540108,104.036247,251,23748.826062
18.760006,65.250107,103.392494,252,23829.634288
19.320005,65.250107,104.036247,253,23901.230723
19.600006,64.960106,103.392494,254,23951.386351
19.880007,64.960106,103.392494,255,24035.263004
20.160007,64.670105,103.392494,256,24090.605058
20.720007,64.670105,103.392494,257,24169.310544
20.720007,64.380104,99.865807,258,24251.465926
21.560007,64.380104,104.036247,259,24312.255004
21.840008,64.380104,104.036247,260,24395.124757
21.840008,64.090103,103.392494,261,24478.159509
22.400007,64.090103,103.392494,262,24538.829071
22.680008,63.800102,100.304848,263,24612.070436
23.240007,63.800102,106.699242,264,24696.455567
23.520008,63.510101,103.392494,265,24768.274417
24.080008,63.510101,103.392494,266,24860.836886
24.080008,63.220100,103.392494,267,24911.421366
24.640007,63.220100,104.036247,268,24969.516602
24.640007,62.930099,100.304848,269,25054.475770
25.200006,62.930099,103.392494,270,25111.743464
25.760006,62.930099,103.392494,271,25199.973249
25.760006,62.640099,102.804268,272,25254.090203
26.600006,62.640099,106.699242,273,25319.046376
26.880007,62.640099,106.699242,274,25389.990983
27.160007,62.350098,103.392494,275,25474.884024
27.440008,62.060097,103.392494,276,25548.103218
28.000008,62.060097,103.392494,277,25610.964922
28.280008,61.770096,102.804268,278,25678.411931
28.560009,61.480095,100.304848,279,25760.294257
29.120008,61.480095,103.392494,280,25810.071102
29.680008,61.480095,103.392494,281,25895.077263
29.680008,61.190094,102.804268,282,25956.506626
30.240007,61.190094,103.392494,283,26021.037361
30.240007,60.900093,99.865807,284,26099.739499
31.080008,60.900093,103.392494,285,26154.440429
31.360008,60.900093,103.392494,286,26221.671465
31.640009,60.610092,103.392494,287,26292.971243
31.920010,60.320091,103.392494,288,26365.211576
32.480011,60.320091,103.392494,289,26435.962914
32.480011,60.030090,102.804268,290,26501.286738
33.040012,60.030090,103.392494,291,26578.223306
33.600014,60.030090,103.392494,292,26633.526322
33.600014,59.740089,105.945396,293,26699.373186
34.160015,59.450089,103.392494,294,26753.079700
34.160015,59.450089,102.804268,295,26819.042820
34.720016,59.160088,103.392494,296,26878.802046
34.720016,59.160088,102.804268,297,26928.455908
35.560017,59.160088,106.699242,298,26990.540427
35.840015,59.160088,105.945396,299,27050.142148
36.120014,58.870087,102.804268,300,27131.305546
36.400013,58.580086,102.804268,301,27201.944438
36.680012,58.580086,103.392494,302,27286.590514
37.240013,58.580086,106.699242,303,27346.703818
37.520012,58.290085,103.392494,304,27420.248012
37.520012,58.000084,102.804268,305,27503.142969
38.360012,58.000084,103.392494,306,27576.783139
38.920013,58.000084,106.699242,307,27636.231602
38.640015,57.710083,102.804268,308,27696.198081
39.200016,57.710083,105.945396,309,27751.013247
39.200016,57.420082,102.804268,310,27828.722720
40.040016,57.420082,106.699242,311,27909.729137
40.320015,57.130081,106.699242,312,27981.593516
40.320015,56.840080,102.804268,313,28065.939778
41.160015,56.840080,106.699242,314,28149.095424
41.440014,56.550079,103.392494,315,28208.032132
42.000015,56.550079,106.699242,316,28285.366444
42.280014,56.260078,106.699242,317,28377.552819
42.560013,55.970078,103.392494,318,28432.547944
42.560013,55.970078,102.264771,319,28490.360670
43.120014,55.680077,102.804268,320,28559.119949
43.120014,55.680077,102.264771,321,28613.569107
43.960014,55.680077,105.945396,322,28669.950089
43.680016,55.390076,102.264771,323,28741.211199
44.520016,55.390076,105.945396,324,28823.205895
44.520016,55.100075,102.804268,325,28897.281883
45.640015,55.100075,109.290047,326,28953.160182
45.640015,54.810074,102.804268,327,29029.284746
45.920013,54.520073,102.804268,328,29109.366312
46.480015,54.520073,105.945396,329,29184.125843
46.760014,54.230072,102.804268,330,29255.361066
47.320015,54.230072,102.804268,331,29340.274712
47.600014,53.940071,102.804268,332,29392.343112
48.160015,53.940071,105.945396,333,29454.089245
48.160015,53.650070,102.264771,334,29519.421762
48.720016,53.650070,105.945396,335,29573.368887
48.720016,53.360069,102.264771,336,29652.067934
49.560017,53.360069,105.945396,337,29734.592458
49.840015,53.070068,105.945396,338,29796.138215
49.840015,52.780067,102.804268,339,29888.909117
50.400017,52.780067,105.945396,340,29974.489858
50.960018,52.490067,103.392494,341,30048.941840
51.520020,52.490067,105.945396,342,30121.870675
52.080021,52.200066,105.945396,343,30177.149555
52.080021,52.200066,108.434952,344,30261.229614
52.920021,52.200066,111.801407,345,30330.706477
52.640022,51.620064,108.434952,346,30407.537730
53.200024,51.620064,110.854462,347,30482.098014
53.480022,51.330063,111.801407,348,30535.111320
53.760021,51.040062,114.227745,349,30623.263709
53.760021,50.750061,113.198593,350,30708.362625
54.320023,50.460060,114.227745,351,30780.877299
54.880024,50.460060,120.068581,352,30854.296468
54.880024,50.460060,120.068581,353,30937.751671
55.440025,49.880058,123.690071,354,30990.954844
55.440025,49.590057,122.275642,355,31066.835127
55.720024,49.300056,122.275642,356,31149.014040
56.000023,49.010056,125.837654,357,31222.744754
56.560024,48.720055,125.837654,358,31289.563748
56.840023,48.430054,129.472458,359,31365.289195
56.840023,48.140053,125.837654,360,31438.932761
57.120022,47.850052,131.423660,361,31491.562697
57.400021,47.560051,131.423660,362,31583.157187
57.680019,47.270050,131.423660,363,31665.969280
57.680019,46.690048,131.423660,364,31740.095496
57.960018,46.400047,131.423660,365,31823.532024
57.960018,45.820045,131.423660,366,31894.593690
58.240017,45.530045,135.000000,367,31955.325637
60.480019,46.980045,156.801407,368,32014.745570
60.760017,46.690044,156.801407,369,32072.017115
60.480019,45.820045,155.772247,370,32120.966014
61.040020,46.400047,155.772247,371,32217.360240
61.320019,45.820045,162.349869,372,32271.538979
60.480019,44.370045,148.570435,373,32327.165990
60.480019,43.790043,148.570435,374,32398.496306
60.480019,43.500042,148.570435,375,32461.491712
60.760017,43.210041,154.653824,376,32531.172834
61.040016,42.920040,157.166351,377,32603.479016
61.040016,42.630039,157.166351,378,32678.064586
62.160015,43.210041,169.695160,379,32731.507407
61.040016,41.760040,157.166351,380,32796.135737
61.040016,41.470039,157.166351,381,32865.023642
61.320015,41.180038,159.775146,382,32915.928505
61.600014,41.180038,163.300751,383,32971.716827
61.320015,40.600037,163.300751,384,33057.035040
61.320015,40.020035,163.300751,385,33110.154997
61.600014,40.020035,165.963760,386,33192.246430
61.600014,39.440033,168.690063,387,33263.384978
61.600014,38.860031,171.869904,388,33321.356480
61.600014,38.280029,171.469238,389,33406.077094
61.880013,38.280029,174.559662,390,33461.868589
61.600014,37.700027,171.469238,391,33540.575212
62.440014,37.990028,182.385941,392,33594.284746
62.440014,37.700027,182.489548,393,33649.859247
61.880013,36.540028,180.000000,394,33714.002539
62.440014,36.830029,184.969742,395,33779.235431
62.440014,36.540028,187.125015,396,33838.266229
62.720013,36.250027,189.865814,397,33893.462151
62.160011,35.380028,185.440338,398,33971.795684
61.880013,34.800026,185.440338,399,34027.687697
61.880013,34.510025,187.765167,400,34112.363660
61.880013,33.930023,188.530762,401,34172.121975
61.880013,33.640022,188.530762,402,34270.600739
61.600014,33.060020,188.530762,403,34344.195198
62.160015,33.350021,193.392502,404,34417.807092
61.600014,32.190022,193.392502,405,34471.791028
61.600014,31.900021,194.036240,406,34521.685139
61.600014,31.900021,195.945389,407,34593.098701
61.600014,31.320021,196.699249,408,34667.579221
61.320015,31.030020,196.699249,409,34738.096649
61.040016,30.450020,197.525574,410,34792.975402
61.040016,30.160019,200.224854,411,34846.776339
60.760017,29.870018,200.224854,412,34930.867497
60.480019,29.290018,202.833649,413,34994.184652
60.480019,29.290018,202.833649,414,35067.944255
60.480019,29.000017,205.346176,415,35149.769765
59.920017,28.130016,207.897278,416,35230.156263
59.640018,28.130016,206.565048,417,35292.396864
59.640018,27.840015,209.054611,418,35377.705743
59.360020,27.260015,211.429565,419,35448.000379
59.360020,26.970015,213.690063,420,35502.175684
58.800018,26.680014,212.905243,421,35579.777213
58.800018,26.390013,217.405350,422,35634.265103
58.520020,26.100012,216.869904,423,35687.294252
58.240021,25.520012,219.093857,424,35746.451185
58.240021,25.520012,219.093857,425,35833.474452
57.960022,25.230011,221.185928,426,35898.772276
57.680023,24.940010,223.152390,427,35952.577128
57.400024,24.650009,225.000000,428,36037.012068
57.120026,24.360008,226.974930,429,36108.376672
56.840027,24.070007,228.814072,430,36203.070096
56.280025,23.780006,228.814072,431,36275.452342
56.000027,23.490005,230.906143,432,36357.627418
55.720028,23.200005,232.594650,433,36407.955781
55.440029,22.910004,234.162354,434,36466.788879
54.880028,22.620003,234.782410,435,36526.743633
54.600029,22.330002,236.309937,436,36593.433158
54.320030,22.330002,237.094757,437,36646.748412
54.040031,22.040001,240.945389,438,36729.174166
54.040031,22.040001,239.931412,439,36791.133597
53.480030,21.750000,240.945389,440,36852.053255
53.200031,21.750000,242.241455,441,36922.154002
53.200031,21.750000,243.434952,442,36997.180772
52.640030,21.459999,243.434952,443,37055.857811
52.360031,21.169998,245.772247,444,37112.038503
52.080032,21.169998,244.653824,445,37175.513745
51.800034,20.879997,245.772247,446,37235.344232
51.520035,20.879997,243.434952,447,37295.478153
51.240036,20.879997,243.434952,448,37358.189996
50.960037,20.589996,244.653824,449,37426.309021
50.400036,20.299995,244.653824,450,37488.823148
50.400036,20.299995,244.536652,451,37542.495283
49.840034,20.009995,244.653824,452,37631.364685
49.560036,19.719994,245.772247,453,37702.683739
49.280037,19.719994,243.434952,454,37773.871537
49.000038,19.719994,243.434952,455,37848.004991
48.160038,19.139994,244.653824,456,37931.696442
47.880039,18.849993,245.772247,457,37981.064991
47.600040,18.849993,244.653824,458,38063.049226
47.320042,18.559992,243.434952,459,38124.325748
47.040043,18.269991,244.653824,460,38179.887514
46.480042,17.979990,244.653824,461,38253.943964
46.480042,17.979990,244.536652,462,38315.425194
46.200043,17.979990,243.434952,463,38386.449669
45.640041,17.399990,245.772247,464,38471.933545
45.360043,17.399990,245.772247,465,38555.659439
44.800041,17.109989,244.653824,466,38627.576311
44.520042,16.819988,245.772247,467,38697.793201
44.240044,16.819988,244.536652,468,38769.456906
43.960045,16.529987,244.536652,469,38819.065289
43.400043,16.239986,245.772247,470,38915.148872
43.120045,16.239986,243.434952,471,38975.684119
42.560043,15.949986,244.653824,472,39047.123736
42.560043,15.949986,245.772247,473,39101.683906
42.280045,15.659986,245.772247,474,39202.983000
41.720043,15.369987,245.772247,475,39286.437544
41.440044,15.369987,243.434952,476,39380.721230
40.880043,15.079987,244.536652,477,39443.662700
40.320042,14.789987,243.434952,478,39500.330972
40.040043,14.499987,245.772247,479,39574.829451
39.480042,14.209987,245.772247,480,39635.940479
39.480042,14.209987,245.772247,481,39699.345319
38.920040,13.919987,245.772247,482,39751.324372
38.920040,13.919987,245.772247,483,39815.612005
38.360039,13.629987,245.772247,484,39885.219561
38.080040,13.629987,244.653824,485,39936.273297
37.800041,13.339987,245.772247,486,39991.664557
37.800041,13.339987,245.772247,487,40062.044962
37.520042,13.339987,244.536652,488,40140.431982
36.960041,13.049987,244.536652,489,40198.999761
36.400040,12.759987,244.653824,490,40253.492080
36.400040,12.759987,244.536652,491,40331.171916
35.840038,12.469987,245.772247,492,40385.534275
35.280037,12.179987,244.653824,493,40459.310865
35.280037,12.179987,244.536652,494,40512.954098
35.000038,12.179987,243.434952,495,40572.232227
34.440037,11.889987,243.434952,496,40657.303842
34.440037,11.889987,243.434952,497,40716.113613
33.880035,11.599987,243.434952,498,40771.504232
33.600037,11.309987,245.772247,499,40844.750797
33.320038,11.309987,243.434952,500,40895.713079
33.040039,11.019987,245.772247,501,40954.883843
32.760040,11.019987,243.434952,502,41012.022158
32.480042,10.729987,245.772247,503,41088.200165
31.920042,10.439987,244.653824,504,41141.773366
31.920042,10.439987,244.536652,505,41220.751906
31.360043,10.149987,245.772247,506,41286.206415
30.800043,9.859987,244.653824,507,41352.286742
30.800043,9.859987,244.536652,508,41409.680680
30.240044,9.569987,243.434952,509,41494.595115
29.680044,9.279987,244.653824,510,41556.127713
29.680044,9.279987,245.772247,511,41615.738919
29.120045,8.989987,243.434952,512,41671.736184
29.120045,8.989987,243.434952,513,41731.494729
28.840044,8.699987,245.772247,514,41808.370317
28.280045,8.409987,244.653824,515,41872.005337
28.000044,8.119987,247.166351,516,41931.499436
27.720043,8.119987,245.772247,517,41983.749085
27.440042,7.829988,245.772247,518,42060.331807
26.880043,7.539988,247.166351,519,42119.620115
26.880043,7.539988,245.772247,520,42192.015399
26.320044,7.249988,245.772247,521,42288.411035
25.760044,6.959988,247.166351,522,42347.414203
25.760044,6.959988,245.772247,523,42418.733896
25.200045,6.669988,245.772247,524,42474.181342
25.200045,6.669988,245.772247,525,42537.811901
24.640045,6.379988,245.772247,526,42598.423835
24.640045,6.379988,245.772247,527,42654.495894
24.080046,6.089988,245.772247,528,42743.125712
23.520046,5.799988,247.166351,529,42805.687052
23.240046,5.799988,245.772247,530,42886.891187
22.960045,5.509988,245.772247,531,42946.717057
22.400045,5.219988,247.166351,532,43043.224207
22.120045,5.219988,243.434952,533,43113.735088
21.840044,4.929988,245.772247,534,43185.147124
21.280045,4.639988,245.772247,535,43260.011945
21.000044,4.639988,245.772247,536,43313.942707
20.720043,4.349988,245.772247,537,43379.184349
20.160044,4.059988,247.166351,538,43452.035351
19.880043,4.059988,243.434952,539,43523.363917
19.880043,4.059988,245.772247,540,43596.279693
19.040043,3.479988,244.653824,541,43666.681655
19.040043,3.479988,245.772247,542,43726.071371
18.480043,3.189988,245.772247,543,43787.288195
18.480043,3.189988,246.801407,544,43872.484199
17.920044,2.899988,248.198593,545,43928.184836
17.640043,2.899988,249.145538,546,43985.639830
17.360043,2.899988,249.145538,547,44061.179989
16.800043,2.609988,253.300751,548,44110.756937
16.800043,2.609988,251.565048,549,44184.089804
15.960043,2.319988,255.963760,550,44253.966423
15.680043,2.319988,256.607513,551,44318.323387
15.680043,2.319988,257.195740,552,44389.704412
15.120043,2.029988,259.215698,553,44456.811491
14.560042,1.739988,261.869904,554,44529.913766
14.280043,1.739988,261.869904,555,44584.680488
14.000043,1.739988,262.234833,556,44662.799127
13.440042,1.739988,264.559662,557,44734.861811
13.160043,1.739988,264.805573,558,44797.045688
12.600042,1.449988,267.273682,559,44855.779601
12.320043,1.449988,270.000000,560,44939.040203
11.760042,1.449988,272.726318,561,45023.612902
11.480042,1.449988,272.602570,562,45097.423541
10.920042,1.449988,272.602570,563,45180.757799
10.640042,1.449988,272.489563,564,45263.498748
10.360043,1.449988,277.765167,565,45320.343192
9.800042,1.449988,278.130096,566,45409.132130
9.240042,1.449988,280.304840,567,45461.168991
8.960042,1.449988,280.784302,568,45540.339851
8.400042,1.449988,283.392487,569,45598.742398
8.120042,1.449988,283.392487,570,45654.932783
7.840042,1.739988,285.945404,571,45731.668010
7.280042,1.739988,285.945404,572,45785.492870
7.280042,2.029988,285.255127,573,45863.565019
6.720042,2.029988,288.434937,574,45949.263332
6.720042,2.029988,287.650116,575,46043.868914
6.160042,2.319988,287.650116,576,46116.678869
5.600042,2.319988,290.854462,577,46172.807353
5.040042,2.319988,294.227753,578,46248.895856
4.760042,2.609988,290.854462,579,46307.113767
4.480042,2.609988,294.227753,580,46378.822748
4.200041,2.899988,296.565063,581,46433.903068
3.920041,2.899988,295.463348,582,46489.975886
3.360041,2.899988,298.810791,583,46548.564293
3.360041,3.189988,298.810791,584,46632.351890
3.080041,3.189988,298.810791,585,46715.317955
2.240041,3.479988,302.275635,586,46775.680268
2.240041,3.769988,300.963745,587,46845.786454
1.680042,3.769988,305.837646,588,46902.832565
1.680042,4.349988,300.963745,589,46989.154803
1.120042,4.349988,304.380341,590,47064.242073
0.840042,4.639988,307.874969,591,47146.309143
0.280042,4.929988,307.874969,592,47220.468756
0.000042,5.219988,309.805573,593,47291.350135
0.000042,5.509988,309.805573,594,47350.829319
-0.279958,5.799988,313.264282,595,47436.428047
-0.559958,6.089988,313.264282,596,47495.931814
-1.119958,6.379988,318.576324,597,47556.934796
-1.119958,6.379988,323.130096,598,47615.568066
-1.399958,6.669988,326.309937,599,47697.385086
-1.679958,6.959988,320.194427,600,47752.759298
-1.679958,7.249988,320.194427,601,47832.804447
-2.239958,7.539988,325.619659,602,47903.583897
-2.519958,7.829988,329.036255,603,47988.956939
-2.519958,8.409987,326.976135,604,48058.537237
-2.799958,8.699987,329.036255,605,48143.152545
-2.799958,8.989987,329.036255,606,48216.723378
-3.079958,9.569987,329.036255,607,48286.706135
-3.079958,9.859987,329.036255,608,48350.257773
-3.359958,10.149987,332.354034,609,48428.798538
-3.919958,10.439987,337.750977,610,48478.798736
-3.919958,10.729987,334.536652,611,48534.863988
-3.919958,11.309987,334.536652,612,48610.177019
-4.199958,11.309987,337.750977,613,48669.874140
-3.919958,11.889987,337.750977,614,48766.197297
-3.919958,12.469987,336.801422,615,48821.706119
-4.199958,12.759987,340.016907,616,48921.588422
-4.479959,12.759987,343.072479,617,48982.367524
-4.759959,13.629987,342.349884,618,49047.054326
-4.479959,13.919987,342.349884,619,49100.075218
-4.759959,14.209987,345.379120,620,49176.264542
-5.039959,14.499987,347.735229,621,49246.722436
-5.039959,14.789987,347.735229,622,49304.989510
-5.039959,15.369987,347.195740,623,49369.605369
-5.039959,15.659986,347.195740,624,49422.672396
-5.319959,15.949986,352.568604,625,49486.977078
-5.319959,16.239986,352.568604,626,49571.679886
-5.039959,16.819986,350.134186,627,49624.331362
-5.319959,17.109987,352.568604,628,49716.947223
-5.319959,17.399988,352.234833,629,49785.033000
-5.319959,17.979988,357.614044,630,49858.354845
-5.319959,18.559988,0.000000,631,49914.286104
-5.039959,18.849989,357.510437,632,49979.060676
-5.039959,19.139990,0.000000,633,50063.007787
-5.039959,19.719990,2.385944,634,50134.931878
-5.039959,20.009991,4.763642,635,50220.204521
-5.039959,20.299992,4.969741,636,50291.883745
-5.039959,20.879992,7.125016,637,50386.663146
-4.759959,21.169992,4.969741,638,50439.492354
-4.479959,21.749992,4.969741,639,50501.431704
-4.479959,22.039993,7.431408,640,50567.557307
-4.479959,22.329994,9.462322,641,50621.884806
-4.479959,22.619995,11.768289,642,50709.505272
-4.479959,23.199995,12.264773,643,50759.162174
-4.199958,23.489996,9.865807,644,50824.025949
-4.479959,23.779997,14.036243,645,50901.924547
-3.919959,24.359997,9.865807,646,50962.623057
-3.919959,24.649998,12.264773,647,51024.514320
-3.919959,25.229998,12.264773,648,51093.240162
-3.639959,25.519999,9.865807,649,51168.884536
-3.639959,25.809999,11.768289,650,51240.284176
-3.359959,26.389999,9.865807,651,51310.559906
-3.359959,26.680000,9.865807,652,51382.152423
-3.359959,27.260000,12.264773,653,51455.327534
-3.079959,27.840000,10.304847,654,51517.804126
-3.359959,27.840000,12.264773,655,51575.466652
-3.079959,28.420000,12.264773,656,51657.374678
-2.799959,28.710001,12.264773,657,51720.758379
-2.799959,29.000002,12.264773,658,51773.923082
-2.519959,29.580002,10.304847,659,51850.187303
-2.799959,29.580002,12.264773,660,51923.141360
-2.519959,30.160002,12.264773,661,52009.012979
-2.239959,30.740002,10.304847,662,52062.356093
-2.239959,31.030003,12.264773,663,52141.391200
-2.239959,31.610003,12.264773,664,52194.713389
-1.959959,31.900003,10.304847,665,52261.182274
-1.959959,32.190002,12.264773,666,52323.447666
-1.959959,32.480003,12.264773,667,52391.035188
-1.959959,32.770004,12.264773,668,52461.858511
-1.679959,33.060005,12.264773,669,52512.084793
-1.399959,33.640007,10.304847,670,52592.906419
-1.399959,33.930008,12.264773,671,52656.553582
-1.679959,34.220009,14.620874,672,52718.444606
-1.399959,34.510010,12.264773,673,52800.095772
-1.119959,35.090012,12.264773,674,52859.142577
-1.119959,35.380013,12.264773,675,52930.401751
-1.119959,35.670013,12.264773,676,53003.059646
-1.119959,35.960014,14.036243,677,53085.733595
-0.839959,36.540016,12.264773,678,53151.974538
-0.839959,36.830017,14.036243,679,53232.555707
-0.559959,37.410019,12.264773,680,53303.074979
-0.559959,37.700020,12.264773,681,53363.359110
-0.559959,37.700020,12.264773,682,53433.027721
-0.279959,38.280022,12.264773,683,53497.466332
0.000041,38.860023,10.304847,684,53569.417661
0.000041,39.150024,12.264773,685,53649.313685
0.000041,39.440025,12.264773,686,53699.212102
0.280041,40.020027,10.304847,687,53783.108892
0.000041,40.020027,12.264773,688,53857.620113
0.560041,40.890026,9.865807,689,53940.270159
0.560041,41.470028,12.264773,690,54010.971674
0.560041,41.760029,12.264773,691,54070.722633
0.560041,42.050030,12.264773,692,54156.343101
0.560041,42.340031,14.036243,693,54225.128000
0.840041,42.920033,12.264773,694,54300.536488
0.840041,43.210033,14.620874,695,54383.913585
1.120041,43.790035,12.264773,696,54469.198343
1.120041,44.080036,14.036243,697,54527.208033
1.120041,44.370037,14.620874,698,54582.766293
1.400041,44.950039,12.264773,699,54660.986249
1.680041,45.530041,12.264773,700,54743.213706
1.680041,45.820042,12.264773,701,54825.728598
1.680041,46.400043,12.804266,702,54895.991041
1.680041,46.400043,14.036243,703,54961.248090
1.960041,46.980045,12.264773,704,55014.189084
1.960041,47.270046,14.620874,705,55101.929066
2.240041,47.850048,14.620874,706,55175.260709
2.240041,48.140049,14.620874,707,55237.482002
2.520041,48.430050,12.264773,708,55293.031902
2.800041,49.010052,12.264773,709,55366.659514
2.800041,49.300053,12.804266,710,55421.322884
2.800041,49.590054,12.264773,711,55500.863561
3.080041,50.170055,12.264773,712,55558.865830
3.080041,50.460056,12.804266,713,55621.216986
3.080041,50.750057,14.620874,714,55702.030262
3.360041,51.330059,12.804266,715,55752.124825
3.360041,51.330059,12.264773,716,55835.433045
3.360041,51.620060,14.620874,717,55895.920407
3.640041,52.200062,12.804266,718,55970.145979
3.640041,52.490063,14.620874,719,56023.111493
3.640041,52.780064,14.620874,720,56093.148365
3.640041,53.070065,14.620874,721,56155.521657
3.920041,53.360065,12.804266,722,56243.005106
4.200041,53.940067,12.804266,723,56296.469085
4.200041,54.230068,14.620874,724,56386.406911
4.480041,54.810070,12.804266,725,56441.094461
4.200041,54.810070,14.620874,726,56507.395709
4.480041,55.390072,12.804266,727,56566.840016
4.480041,55.390072,14.620874,728,56622.187243
4.480041,55.680073,14.620874,729,56687.094804
4.760041,55.970074,14.620874,730,56743.271081
5.040041,56.550076,12.804266,731,56819.007093
5.040041,56.840076,12.804266,732,56879.653910
5.040041,57.130077,12.804266,733,56937.077421
5.040041,57.420078,14.620874,734,57010.639755
5.320042,57.710079,12.804266,735,57070.571026
5.040041,58.000080,14.620874,736,57145.937346
5.320042,58.290081,14.620874,737,57229.547524
5.600042,59.160080,12.804266,738,57306.406991
5.600042,59.450081,14.620874,739,57389.693167
5.880042,60.030083,12.804266,740,57444.928692
5.880042,60.320084,15.255118,741,57516.313993
5.880042,60.610085,14.620874,742,57576.073127
6.160042,61.190086,12.804266,743,57647.678950
6.160042,61.480087,12.804266,744,57719.442056
6.160042,62.060089,17.650124,745,57815.835661
6.440042,62.640091,18.434948,746,57876.496650
6.160042,62.640091,21.370623,747,57947.401198
6.720042,63.220093,19.983107,748,58019.538567
6.720042,63.510094,22.249023,749,58103.274555
7.000042,64.090096,23.198591,750,58173.586602
7.000042,64.380096,25.463345,751,58259.083073
7.280043,64.670097,25.463345,752,58319.158137
7.560043,64.960098,26.565052,753,58399.624336
7.840043,65.250099,27.645975,754,58464.187916
7.840043,65.540100,29.744881,755,58546.266172
8.120043,66.120102,30.963757,756,58601.527972
8.400043,66.410103,30.963757,757,58666.914574
8.680042,66.700104,32.275646,758,58722.984580
8.400043,66.700104,34.992020,759,58798.317296
8.960043,67.280106,34.380344,760,58870.776831
9.240043,67.570107,36.384354,761,58954.032902
9.520042,67.860107,36.384354,762,59017.828108
9.800042,68.150108,37.874985,763,59099.418241
10.080042,68.440109,39.805573,764,59181.996755
10.360042,68.730110,39.805573,765,59244.047800
10.360042,68.730110,41.633541,766,59301.202346
10.640041,69.020111,41.633541,767,59387.061673
11.200042,69.600113,43.152390,768,59446.363429
11.200042,69.600113,43.264294,769,59506.734206
11.480042,69.890114,45.000000,770,59577.996202
11.760041,70.180115,46.735706,771,59635.123531
12.040041,70.470116,48.576336,772,59699.552277
12.320041,70.760117,50.194427,773,59768.231167
12.880041,71.050117,50.527538,774,59824.007676
12.880041,71.050117,52.125015,775,59899.269120
13.160041,71.050117,52.125015,776,59984.272317
13.720041,71.340118,55.619656,777,60060.270121
14.000041,71.630119,55.619656,778,60130.461246
14.560041,71.920120,56.309933,779,60214.825695
14.840041,72.210121,59.036243,780,60273.177192
15.120041,72.210121,57.724354,781,60357.240060
15.400041,72.500122,61.189205,782,60414.325788
15.680040,72.500122,62.354023,783,60492.464816
16.240040,72.790123,63.434948,784,60541.265591
16.520041,72.790123,64.536652,785,60624.041025
17.080040,73.080124,68.198593,786,60680.758307
17.360041,73.080124,65.772255,787,60769.135854
17.640041,73.080124,67.750977,788,60822.967062
17.920042,73.080124,69.145538,789,60901.035662
18.480042,73.370125,71.565048,790,60985.260763
18.480042,73.370125,71.565048,791,61051.338686
19.040041,73.370125,72.349876,792,61101.578412
19.320042,73.370125,72.349876,793,61189.467101
19.600042,73.370125,74.054604,794,61271.827872
20.160042,73.370125,77.195732,795,61325.093571
20.160042,73.370125,77.195732,796,61402.429406
20.720041,73.370125,79.695152,797,61456.794780
21.000042,73.370125,79.695152,798,61523.953515
21.280043,73.370125,79.695152,799,61608.632632
22.120043,73.660126,84.559669,800,61691.001104
22.400043,73.660126,84.559669,801,61761.849623
22.960043,73.660126,87.273689,802,61822.223358
22.960043,73.370125,85.030258,803,61902.639821
23.520042,73.370125,87.510445,804,61979.713984
24.080042,73.370125,90.000000,805,62040.481797
24.080042,73.370125,90.000000,806,62109.483865
24.640041,73.370125,92.602562,807,62185.334148
25.200041,73.370125,95.440331,808,62255.772245
25.200041,73.080124,92.489555,809,62328.912670
25.480042,73.080124,95.194427,810,62386.930485
26.040041,73.080124,97.765167,811,62461.297028
26.880041,73.080124,101.309929,812,62519.405266
26.600040,72.790123,100.784294,813,62581.316563
26.880041,72.500122,100.304848,814,62663.568058
27.440041,72.500122,103.392494,815,62736.696889
28.280041,72.500122,106.699242,816,62802.110756
28.000040,72.210121,105.945396,817,62867.733110
28.560040,72.210121,109.290047,818,62927.174728
28.560040,71.920120,105.945396,819,62987.481396
29.120039,71.920120,112.833656,820,63047.319160
29.400040,71.920120,112.833656,821,63110.105214
29.680040,71.630119,112.833656,822,63192.926016
29.960041,71.340118,119.054604,823,63263.431849
30.240042,71.050117,119.054604,824,63324.032395
30.240042,70.760117,116.565048,825,63393.593624
30.520042,70.760117,119.054604,826,63469.264237
30.800043,70.470116,115.346176,827,63527.784143
31.080044,70.470116,121.429565,828,63587.132512
31.360044,70.180115,122.905243,829,63642.146193
31.360044,69.890114,121.429565,830,63733.020056
31.640045,69.600113,122.905243,831,63784.957115
31.920046,69.310112,126.869896,832,63876.588870
31.920046,68.730110,125.217590,833,63936.736256
32.200047,68.440109,125.217590,834,64028.900002
32.480045,68.150108,129.093857,835,64103.302909
32.760044,67.860107,107.650124,836,64177.555615
33.040043,67.570107,110.854462,837,64235.673750
33.040043,67.280106,110.854462,838,64328.785414
33.320042,66.990105,113.198593,839,64390.548626
36.120041,68.440102,141.340195,840,64462.265402
36.400040,67.860100,143.746155,841,64534.774233
36.680038,67.570099,143.746155,842,64596.906842
36.680038,67.570099,143.746155,843,64677.755276
36.680038,67.570099,145.491470,844,64754.204658
36.680038,67.570099,145.491470,845,64825.635846
36.680038,67.280098,143.746155,846,64892.866714
36.680038,67.280098,143.746155,847,64959.104297
36.680038,67.570099,145.491470,848,65030.441927
36.680038,67.570099,145.491470,849,65112.083462
36.680038,67.280098,143.746155,850,65163.665045
36.680038,67.570099,145.491470,851,65230.634512
36.680038,67.280098,143.746155,852,65285.344139
36.680038,67.570099,145.491470,853,65339.126580
36.680038,67.280098,143.746155,854,65400.710319
36.680038,67.280098,143.746155,855,65483.823104
36.680038,67.570099,145.491470,856,65558.444138
36.680038,67.570099,145.491470,857,65627.582212
36.680038,67.280098,143.746155,858,65687.002674
36.680038,67.570099,145.491470,859,65757.953169
36.680038,67.570099,145.491470,860,65815.328202
36.680038,67.570099,145.491470,861,65880.058112
36.680038,67.280098,143.746155,862,65962.157234
36.680038,67.570099,145.491470,863,66024.867289
36.680038,67.570099,145.491470,864,66083.958346
36.680038,67.570099,145.491470,865,66144.622384
36.680038,67.570099,145.491470,866,66204.542041
36.680038,67.280098,143.746155,867,66280.703154
36.680038,67.570099,145.491470,868,66336.282834
36.680038,67.280098,143.746155,869,66410.920501
36.680038,67.570099,145.491470,870,66492.524307
36.680038,67.570099,145.491470,871,66563.667529
36.680038,67.570099,145.491470,872,66618.724007
36.680038,67.570099,145.491470,873,66693.083443
36.680038,67.280098,143.746155,874,66757.995860
36.680038,67.570099,145.491470,875,66840.160888
36.680038,67.280098,143.746155,876,66922.276987
36.680038,67.280098,143.746155,877,66982.580562
36.680038,67.280098,143.746155,878,67056.656511
36.680038,67.570099,145.491470,879,67121.694329
36.680038,67.280098,143.746155,880,67182.748283
36.680038,67.280098,143.746155,881,67260.192352
36.680038,67.280098,143.746155,882,67323.880127
36.680038,67.280098,143.746155,883,67381.011301
36.680038,67.280098,143.746155,884,67463.578499
36.680038,67.280098,143.746155,885,67535.284981
36.680038,67.280098,143.746155,886,67618.910353
36.680038,67.570099,145.491470,887,67703.805628
36.680038,67.570099,145.491470,888,67772.775269
36.680038,67.570099,145.491470,889,67836.513562
36.680038,67.570099,145.491470,890,67918.076603
36.680038,67.570099,145.491470,891,67992.836125
36.680038,67.570099,145.491470,892,68076.458646
36.680038,67.570099,145.491470,893,68141.196683
36.680038,67.570099,145.491470,894,68221.021192
36.680038,67.280098,143.746155,895,68303.768576
36.680038,67.280098,143.746155,896,68370.913739
36.680038,67.570099,145.491470,897,68459.385821
36.680038,67.570099,145.491470,898,68541.742637
36.680038,67.280098,143.746155,899,68613.249029
36.680038,67.280098,143.746155,900,68686.018983
36.680038,67.280098,143.746155,901,68748.224819
36.680038,67.280098,143.746155,902,68830.523336
36.680038,67.570099,145.491470,903,68915.942771
36.680038,67.280098,143.746155,904,68997.874900
36.680038,67.280098,143.746155,905,69055.829335
36.680038,67.280098,143.746155,906,69121.068295
36.680038,67.570099,145.491470,907,69182.235650
36.680038,67.280098,143.746155,908,69250.367185
36.680038,67.280098,143.746155,909,69313.814557
36.680038,67.280098,143.746155,910,69385.523143
36.680038,67.570099,145.491470,911,69455.931784
36.680038,67.280098,143.746155,912,69526.196429
36.680038,67.570099,145.491470,913,69587.370879
36.680038,67.280098,143.746155,914,69647.229705
36.680038,67.570099,145.491470,915,69701.568029
36.680038,67.280098,143.746155,916,69766.492370
36.680038,67.280098,143.746155,917,69848.733551
36.680038,67.570099,145.491470,918,69910.190867
36.680038,67.280098,143.746155,919,69971.227541
36.680038,67.570099,145.491470,920,70025.179878
36.680038,67.280098,143.746155,921,70077.805432
36.680038,67.570099,145.491470,922,70175.741579
36.680038,67.280098,143.746155,923,70237.259950
36.680038,67.280098,143.746155,924,70307.735206
36.680038,67.280098,143.746155,925,70362.284002
36.680038,67.570099,145.491470,926,70426.901571
36.680038,67.570099,145.491470,927,70498.061924
36.680038,67.280098,143.746155,928,70557.019227
36.680038,67.280098,143.746155,929,70631.829207
36.960037,67.570099,147.994614,930,70716.373980
36.680038,67.570099,145.491470,931,70788.148585
36.680038,67.570099,145.491470,932,70860.757340
36.680038,67.570099,145.491470,933,70918.611485
36.680038,67.280098,143.746155,934,70991.720364
36.680038,67.570099,145.491470,935,71066.344576
36.680038,67.570099,145.491470,936,71123.102725
36.680038,67.280098,143.746155,937,71184.149254
36.680038,67.570099,145.491470,938,71257.652603
36.680038,67.280098,143.746155,939,71351.182224
36.680038,67.280098,143.746155,940,71410.809112
36.680038,67.570099,145.491470,941,71462.989568
36.680038,67.280098,143.746155,942,71518.070298
36.680038,67.570099,145.491470,943,71582.158117
36.680038,67.570099,145.491470,944,71638.795363
36.680038,67.570099,145.491470,945,71726.854091
36.680038,67.280098,143.746155,946,71820.358001
36.680038,67.570099,145.491470,947,71893.440471
36.680038,67.280098,143.746155,948,71962.209270
36.680038,67.280098,143.746155,949,72046.310910
36.680038,67.280098,143.746155,950,72101.113551
36.680038,67.570099,145.491470,951,72163.037074
36.680038,67.570099,145.491470,952,72240.171184
36.680038,67.280098,143.746155,953,72326.400312
36.680038,67.280098,143.746155,954,72410.405337
36.680038,67.570099,145.491470,955,72477.138686
36.680038,67.280098,143.746155,956,72562.388625
36.680038,67.280098,143.746155,957,72626.766871
36.680038,67.280098,143.746155,958,72708.085195
36.680038,67.280098,143.746155,959,72762.550283
36.680038,67.280098,143.746155,960,72823.102370
36.680038,67.280098,143.746155,961,72882.868790
36.960037,67.570099,147.994614,962,72959.574999
36.680038,67.570099,145.491470,963,73041.133452
36.680038,67.570099,145.491470,964,73114.979236
36.680038,67.570099,145.491470,965,73188.646235
36.680038,67.280098,143.746155,966,73271.891694
36.680038,67.570099,145.491470,967,73346.745706
